SYMBOL 	 NAME 	                                PRICE 	CHANGE 	CHANGE% 	LOW 	 HIGH 	PREVIOUSCLOSE 	VOLUME	   1YTARGETEST	52WEEKLOW	52WEEKHIGH	EPS	    PERATIO    RATIO
AXP	    American Express Co	                    165.84	2.85	1.75	   163.28	166.00	162.99	        1,879,038	165.84	     134.12	    199.55	    9.75	17.01
AMGN	Amgen Inc	                            248.39	0.04	0.02	   246.3	249.85	248.35	        2,393,740	248.39	     198.64	    258.45	    11.8	21.04
AAPL	Apple Inc	                            172.1	3.61	2.14	   169.4	172.17	168.49	        65,228,492	182.51	     129.04	    182.94	    6.05	28.45
BA	    Boeing Co	                            169.99	2.11	1.26	   167.57	170.11	167.88	        4,205,884	N/A	         113.02	    233.94	    -8.96	-18.97
CAT	    Caterpillar Inc	                        196.84	2.84	1.46	   193.8	196.97	194.00	        1,782,936	214.64	     167.08	    237.9	    12.43	15.84
CSCO	Cisco Systems Inc	                    46.61	0.71	1.55	   45.97	46.61	45.90	        16,506,365	53.42	     40.82	    64.28	    2.85	16.35
CVX	    Chevron Corp	                        159.85	0.23	0.14	   157.14	159.91	159.62	        7,043,854	178.32	     92.86	    182.4	    14.97	10.68
GS	    Goldman Sachs Group Inc	                353.82	2.14	0.61	   350.15	354.56	351.68	        2,320,894	394.07	     277.84	    426.16	    44.22	8.00
HD	    Home Depot Inc	                        314.89	4.2	    1.35	   310.18	314.93	310.69	        2,144,408	351.19	     264.51	    420.61	    15.75	19.99
HON	    Honeywell International Inc	            200.87	2.36	1.19	   198.24	200.98	198.51	        2,150,606	204.82	     167.35	    233.8	    7.33	27.39
IBM	    International Business Machines Corp	134.01	1.47	1.11	   131.98	134.09	132.54	        2,685,392	142.82	     114.56	    144.73	    6.42	20.87
INTC	Intel Corp	                            36.11	0.52	1.46	   35.67	36.14	35.59	        35,246,211	42.16	     34.4	    56.28	    4.66	7.74
JNJ	    Johnson & Johnson	                    165.3	-1.84	-1.1	   165.15	167.94	167.14	        13,205,039	187.84	     155.72	    186.69	    6.88	24.03
KO	    Coca-Cola Co	                        63.7	0.48	0.76	   63.09	63.76	63.22	        9,281,909	69.11	     52.28	    67.2	    2.2	    28.96
JPM	    JPMorgan Chase & Co	                    122.13	1.99	1.66	   119.44	122.25	120.14	        9,588,307	138.77	     106.06	    172.96	    12.46	9.8
MCD	    McDonald’s Corp	                        262.18	2.9	    1.12	   259.55	262.51	259.28	        1,461,160	279.87	     217.68	    271.15	    8.12	32.31
MMM	    3M Co	                                152.24	2.58	1.72	   150.00	152.3	149.66	        2,279,170	147.08	     125.6	    202.77	    7.15	21.29
MRK  	Merck & Co Inc	                        91.02	2.09	2.35	   88.95	91.03	88.93	        7,945,994	100.68	     70.89	    95.72	    6.56	13.88
MSFT	Microsoft Corp	                        291.91	4.89	1.7	       286.94	291.91	287.02	        18,475,718	336.06	     241.51	    349.67	    9.64	30.27
NKE	    Nike Inc	                            116.07	1.97	1.73	   113.77	116.12	114.1	        4,172,009	137.33	     99.53	    179.1	    3.76	30.91
PG	    Procter & Gamble Co	                    146.67	1.41	0.97	   144.96	146.73	145.26	        4,823,649	156.38	     129.5	    165.35	    5.80	25.28
TRV	    Travelers Companies Inc	                171.56	2.75	1.63	   169.31	171.63	168.81	        821,338	    175.12	     145.4	    187.98	    14.42	11.90
UNH	    UnitedHealth Group Inc	                543.7	10.84	2.03	   534.45	544.4	532.86	        1,764,952	574.71	     383.12	    553.29	    19.14	28.40
CRM	    Salesforce Inc	                        189.89	3.16	1.69	   185.51	190.02	186.73	        3,488,597	244.57	     154.55	    311.75	    1.03	184.32
VZ	    Verizon Communications Inc	            45.15	0.37	0.83	   44.81	45.26	44.78	        14,764,320	53.05	     43.77	    56.20	    4.98	9.07
V	    Visa Inc	                            211.33	0.25	0.12	   210.1	213.22	211.08	        6,258,011	261.41	     185.91  	236.96	    6.51	32.44
WBA	    Walgreens Boots Alliance Inc	        40.59	0.52	1.3	       39.97	40.76	40.07	        4,279,157	41.83	     36.57	    55.00	    5.89	6.89
WMT	    Walmart Inc                          	132.22	2.4  	1.85	   129.82	132.84	129.82	        8,598,868	142.42	     117.27	    160.77	    4.65	28.41
DIS	    Walt Disney Co	                        121.57	3.88	3.3	       118.92	121.61	117.69	        20,530,383	N/A	         90.23	    187.58	    1.75	69.60
DOW	    Dow Inc	                                55.93	0.67	1.21	   55.31	55.94	55.26	        4,308,110	59.91	     48.27	    71.86	    8.93	6.27


